0101201200.00064
0102201200.00063
0103201200.00062
0104201200.00072
0105201200.00068
0106201200.00074
0107201200.00074
0108201200.00066
0109201200.12063
0110201200.00065
0111201200.00075
0112201200.00053
0113201200.00058
0114201200.00064
0115201200.00064
0116201200.00078
0117201200.00078
0118201200.00067
0119201200.00078
0120201200.00072
0121201200.00072
0122201200.00074
0123201200.00071
0124201200.19070
0125201202.94070
0126201200.00072
0127201200.00075
0128201200.00063
0129201200.00063
0130201200.47063
0131201200.27070
0201201200.01077
0202201200.00075
0203201200.88076
0204201201.42068
0205201200.14053
0206201200.05050
0207201200.00062
0208201200.00059
0209201200.00057
0210201200.34064
0211201200.00055
0212201200.04043
0213201200.46065
0214201200.00070
0215201200.00080
0216201200.00066
0217201200.69057
0218201201.35061
0219201200.00061
0220201200.00069
0221201200.00074
0222201200.00081
0223201200.00085
0224201200.00071
0225201200.00056
0226201200.00062
0227201200.22065
0228201200.01078
0229201200.02080
0301201200.00074
0302201200.00085
0303201200.12065
0304201200.00072
0305201200.00075
0306201200.00075
0307201200.00074
0308201200.00079
0309201200.14049
0310201200.47053
0311201200.43073
0312201200.00078
0313201200.00080
0314201200.00080
0315201200.00081
0316201200.00080
0317201200.00079
0318201200.04078
0319201200.14080
0320201201.45067
0321201200.00073
0322201200.00080
0323201200.00082
0324201200.01080
0325201200.00082
0326201200.00080
0327201200.01080
0328201200.41076
0329201200.02081
0330201200.00084
0331201200.00088
0401201200.00086
0402201200.00084
0403201200.00085
0404201200.00087
0405201200.00091
0406201200.00083
0407201200.00084
0408201200.00083
0409201200.00081
0410201200.00082
0411201200.00085
0412201200.00083
0413201200.02081
0414201200.00082
0415201200.00081
0416201200.00076
0417201200.00085
0418201200.00084
0419201200.00086
0420201200.01078
0421201200.00083
0422201200.00089
0423201200.00080
0424201200.00088
0425201200.00094
0426201200.00095
0427201200.00093
0428201200.00090
0429201200.00086
0430201200.01090
0501201200.01091
0502201200.00090
0503201200.00093
0504201200.00096
0505201200.00095
0506201201.73092
0507201200.61091
0508201200.61071
0509201200.01083
0510201201.67077
0511201201.19082
0512201200.00082
0513201200.00085
0514201201.45085
0515201202.56076
0516201200.00086
0517201200.00086
0518201200.00087
0519201200.00088
0520201200.00087
0521201200.00088
0522201200.00089
0523201200.00092
0524201200.00092
0525201200.00094
0526201200.00092
0527201200.00090
0528201200.00091
0529201200.00093
0530201200.00093
0531201200.00087
0601201200.00091
0602201200.00092
0603201200.00089
0604201200.00093
0605201200.00094
0606201200.00095
0607201200.00088
0608201200.00089
0609201200.00093
0610201200.00100
0611201200.00100
0612201200.00096
0613201200.00098
0614201200.00096
0615201200.00096
0616201200.00096
0617201200.01094
0618201200.03093
0619201200.00094
0620201200.07091
0621201200.00095
0622201200.00095
0623201200.00096
0624201200.00099
0625201200.00103
0626201200.00106
0627201200.00102
0628201200.00098
0629201200.00095
0630201200.00092
0701201200.40093
0702201200.00095
0703201200.00096
0704201200.00097
0705201200.00099
0706201200.00097
0707201200.00097
0708201200.00097
0709201200.26096
0710201200.14091
0711201202.83084
0712201200.01094
0713201200.00096
0714201200.00094
0715201200.00094
0716201200.00093
0717201200.00090
0718201200.00089
0719201200.00092
0720201200.00094
0721201200.00098
0722201200.00095
0723201200.00094
0724201200.00096
0725201200.00096
0726201200.00096
0727201200.00096
0728201200.00097
0729201200.00099
0730201200.00098
0731201200.00100
0801201200.00101
0802201200.00101
0803201200.00100
0803201200,00100
0804201200.00099
0805201200.00096
0806201200.00098
0807201200.00099
0808201200.00099
0809201200.00100
0810201200.00103
0811201200.00102
0812201200.00101
0813201200.00101
0814201200.00101
0815201200.00102
0816201200.00101
0817201200.00100
0818201200.05099
0819201202.36091
0820201200.00097
0821201200.00094
0822201200.00093
0823201200.00093
0824201200.00095
0825201200.00096
0826201200.00095
0827201200.00097
0828201200.00100
0829201200.00099
0830201200.00101
0831201200.00099
0901201200.00098
0902201200.00098
0903201200.00099
0904201200.00099
0905201200.00098
0906201200.00099
0907201200.00099
0908201200.00092
0909201200.00094
0910201200.00093
0911201200.00092
0912201200.00098
0913201201.15094
0914201201.22077
0915201200.00081
0916201202.12073
0917201200.00086
0918201200.00088
0919201200.00087
0920201200.00088
0921201200.00089
0922201200.00088
0923201200.00090
0924201200.00095
0925201200.00090
0926201200.00090
0927201200.00090
0928201202.19084
0929201200.63085
0930201200.00082
1001201200.49078
1002201200.00081
1003201200.00084
1004201200.00090
1005201200.00087
1006201200.00079
1007201200.00059
1008201200.00069
1009201200.00080
1010201200.00088
1011201200.25088
1012201200.00086
1013201200.00087
1014201200.24089
1015201200.00078
1016201200.02074
1017201200.00090
1018201200.00080
1019201200.00081
1020201200.00086
1021201200.00089
1022201200.00089
1023201200.00086
1024201200.00086
1025201200.00087
1026201201.38066
1027201200.00064
1028201200.00068
1029201200.00069
1030201200.00075
1031201200.00082
1101201200.00083
1102201200.00082
1103201200.00085
1104201200.02083
1105201200.00086
1106201200.00077
1107201200.00081
1108201200.00083
1109201200.00083
1110201200.00081
1111201200.00082
1112201200.00066
1113201200.01053
1114201200.00060
1115201200.00060
1116201200.00070
1117201200.00068
1118201200.00073
1119201200.00071
1120201200.00081
1121201200.00077
1122201200.00077
1123201200.00073
1124201200.00067
1125201200.00074
1126201200.10077
1127201200.14064
1128201200.00065
1129201200.00070
1130201200.00077
1201201200.00080
1202201200.03079
1203201200.00079
1204201200.00079
1205201200.00076
1206201200.00074
1207201200.00076
1208201200.01078
1209201200.00078
1210201200.00057
1211201200.00055
1212201200.00061
1213201200.00064
1214201200.02071
1215201200.01071
1216201200.04071
1217201200.00075
1218201200.00081
1219201200.00082
1220201200.00070
1221201200.00061
1222201200.00066
1223201200.00068
1224201200.00071
1225201200.00071
1226201200.00051
1227201200.00048
1228201200.00071
1229201200.00053
1230201200.02054
1231201200.24061
