204
221
187
224
316
148
181
242
230
228
183
202
257
185
223
239
162
195
190
232
191
229
218
196
210
234
221
233
277
206
196
280
205
195
253
199
294
184
219
216
241
209
217
215
235
229
234
178
235
242
195
248
201
204
232
228
247
195
201
205
165
1b1
203
213
209
277
216
216
205
239
214
205
217
241
257
220
215
174
223
218
282
186
220
221
211
171
258
205
187
207
174
219
195
205
200
177
277
250
186
175
199
191
263
222
224
228
217
191
252
225
234
186
151
199
230
194
218
237
200
222
249
223
195
246
235
207
226
192
199
243
242
199
214
210
201
190
178
230
223
228
201
229
209
246
234
234
223
201
181
228
 99
184
238
227
209
211
210
220
194
203
178
242
229
233
206
202
189
231
233
268
182
185
203
245
185
204
179
257
202
263
181
199
229
199
201
217
257
221
245
224
191
215
220
227
225
152
205
172
200
182
221
202
240
264
209
270
222
277
214
143
221
195
203
212
184
246
201
284
236
218
206
218
235
194
193
258
189
243
229
180
220
172
193
211
254
202
259
190
217
219
225
272
231
209
215
195
206
182
161
220
220
224
204
225
196
228
171
267
220
244
216
189
286
224
223
234
210
225
181
278
260
210
230
219
232
226
191
167
215
161
176
219
227
186
147
212
197
209
212
255
221
239
262
201
241
208
168
208
145
191
190
149
258
217
197
198
199
188
158
216
239
262
220
173
280
219
213
251
215
225
185
229
235
209
261
240
205
223
202
211
259
211
195
198
238
193
202
212
236
200
205
221
230
239
251
144
186
189
238
156
239
149
205
279
190
218
208
189
190
254
223
224
181
238
194
174
259
217
197
189
177
200
222
212
240
159
259
312
213
216
250
199
182
237
228
199
237
262
182
205
271
217
210
213
191
225
176
264
268
250
250
202
264
216
263
227
249
228
268
214
245
271
224
207
233
228
169
248
256
214
244
212
216
195
238
203
210
216
223
232
224
200
203
218
223
200
221
264
242
192
228
232
245
171
237
200
248
270
265
235
236
168
177
254
241
203
163
203
232
255
214
216
241
205
199
194
151
171
219
207
230
236
179
227
232
203
277
197
165
215
183
237
172
220
213
206
116
226
295
205
223
206
205
233
221
184
233
228
239
193
247
203
232
246
241
180
205
203
244
245
253
223
246
217
200
261
203
253
207
215
244
176
203
215
235
163
184
194
167
239
189
196
203
209
197
225
225
227
204
229
239
243
191
185
231
207
219
186
171
231
211
240
185
274
242
250
171
208
251
240
179
207
184
225
240
218
254
233
252
225
249
264
195
202
262
220
232
220
219
195
249
203
236
262
270
194
218
184
228
174
200
214
181
166
193
249
256
247
198
203
199
183
240
242
214
235
188
238
202
275
231
192
253
227
177
252
229
259
233
277
240
221
179
216
234
174
228
218
198
249
196
188
264
181
226
272
232
232
189
194
206
204
173
185
188
235
208
179
176
243
192
171
222
231
182
224
285
224
203
190
208
201
246
214
206
196
222
180
158
190
208
280
181
191
207
184
229
301
235
225
211
216
217
185
177
218
204
168
202
220
242
214
230
193
190
159
216
157
213
154
210
209
205
217
191
245
149
202
196
174
205
271
206
203
240
112
200
212
262
226
223
221
198
163
212
257
224
180
228
228
240
211
244
251
244
257
230
201
274
247
230
268
227
191
254
214
249
207
167
178
188
230
175
185
223
218
255
275
222
223
223
192
229
190
170
206
228
238
161
214
269
260
226
248
184
264
213
246
191
186
182
208
220
172
211
217
198
229
187
198
234
243
212
216
263
182
246
274
258
192
179
128
201
237
229
199
220
202
260
183
266
186
192
221
229
187
236
233
215
191
199
280
244
231
238
179
165
179
243
155
239
253
190
196
163
225
199
170
238
140
218
246
250
198
253
176
202
258
215
219
173
254
190
217
244
228
217
210
176
165
216
184
225
146
292
214
239
239
251
194
238
188
265
195
210
211
228
235
210
237
218
222
215
219
234
224
243
229
168
223
249
249
206
198
265
197
220
225
247
221
235
189
236
221
193
206
233
223
255
222
171
231
190
192
255
139
227
197
169
193
184
222
240
218
238
223
209
261
209
213
193
203
171
219
164
213
248
173
215
234
263
264
215
193
187
223
175
179
223
236
266
202
273
177
269
169
263
222
246
238
213
219
217
212
277
194
180
225
232
268
187
245
276
211
179
208
219
226
215
238
185
226
170
220
179
226
177
212
168
118
193
181
140
188
155
203
214
212
225
